Board:
(2, 1, 0, 1)
(2, 1, 2, 0)
(0, 2, 1, 0)
(0, 2, 2, 2)

piece  1  size:  (1, 1)
(1, 0, 0, 0)
(0, 0, 0, 0)
(0, 0, 0, 0)
(0, 0, 0, 0)

piece  2  size:  (2, 2)
(1, 1, 0, 0)
(0, 1, 0, 0)
(0, 0, 0, 0)
(0, 0, 0, 0)

piece  3  size:  (2, 2)
(1, 0, 0, 0)
(1, 1, 0, 0)
(0, 0, 0, 0)
(0, 0, 0, 0)

piece  4  size:  (2, 2)
(1, 1, 0, 0)
(0, 1, 0, 0)
(0, 0, 0, 0)
(0, 0, 0, 0)

piece  5  size:  (3, 3)
(1, 1, 1, 0)
(0, 1, 0, 0)
(1, 1, 1, 0)
(0, 0, 0, 0)

piece  6  size:  (2, 3)
(1, 0, 0, 0)
(1, 1, 0, 0)
(1, 0, 0, 0)
(0, 0, 0, 0)

piece  7  size:  (3, 2)
(1, 1, 0, 0)
(0, 1, 1, 0)
(0, 0, 0, 0)
(0, 0, 0, 0)

piece  8  size:  (2, 3)
(0, 1, 0, 0)
(1, 1, 0, 0)
(0, 1, 0, 0)
(0, 0, 0, 0)

piece  9  size:  (2, 3)
(1, 1, 0, 0)
(1, 0, 0, 0)
(1, 0, 0, 0)
(0, 0, 0, 0)

piece  10  size:  (3, 3)
(0, 0, 1, 0)
(0, 1, 1, 0)
(1, 1, 0, 0)
(0, 0, 0, 0)

piece  11  size:  (2, 2)
(1, 0, 0, 0)
(1, 1, 0, 0)
(0, 0, 0, 0)
(0, 0, 0, 0)

piece  12  size:  (3, 3)
(1, 1, 1, 0)
(1, 0, 1, 0)
(1, 1, 1, 0)
(0, 0, 0, 0)

piece  13  size:  (3, 3)
(1, 0, 0, 0)
(1, 1, 1, 0)
(1, 0, 0, 0)
(0, 0, 0, 0)

piece  14  size:  (3, 3)
(1, 1, 0, 0)
(0, 1, 0, 0)
(0, 1, 1, 0)
(0, 0, 0, 0)

Cycle:  [0, 1, 2]

Goal Piece:  2
----------
Close Gamemap:
(2, 2, 2, 0)
(2, 2, 2, 2)
(2, 2, 2, 2)
(2, 2, 2, 2)

Close Gamemap:
(2, 0, 2, 2)
(2, 2, 2, 2)
(2, 2, 2, 2)
(2, 2, 2, 2)

Close Gamemap:
(2, 2, 2, 2)
(2, 2, 2, 2)
(2, 0, 2, 2)
(2, 2, 2, 2)

Close Gamemap:
(0, 2, 2, 2)
(2, 2, 2, 2)
(2, 2, 2, 2)
(2, 2, 2, 2)

Close Gamemap:
(2, 2, 2, 2)
(2, 2, 0, 2)
(2, 2, 2, 2)
(2, 2, 2, 2)

Close Gamemap:
(2, 2, 2, 2)
(2, 2, 2, 2)
(2, 2, 0, 2)
(2, 2, 2, 2)

Close Gamemap:
(2, 2, 0, 2)
(2, 2, 2, 2)
(2, 2, 2, 2)
(2, 2, 2, 2)

Close Gamemap:
(2, 2, 2, 2)
(2, 2, 2, 2)
(2, 2, 2, 2)
(0, 2, 2, 2)

Close Gamemap:
(1, 2, 2, 2)
(2, 2, 2, 2)
(2, 2, 2, 2)
(2, 2, 2, 2)

Close Gamemap:
(2, 2, 2, 2)
(2, 2, 2, 2)
(2, 2, 2, 2)
(2, 2, 0, 2)

Close Gamemap:
(2, 2, 2, 2)
(2, 2, 2, 2)
(2, 2, 2, 2)
(2, 2, 2, 2)

Path = [(1, 2), (0, 1), (1, 0), (1, 2), (1, 1), (0, 1), (0, 2), (1, 0), (2, 0), (0, 1), (2, 2), (1, 1), (1, 1), (0, 1)]
883490 nodes expanded

Process finished with exit code 0
