(
        ((3, 3), ((1, 1, 1, 0), (1, 0, 0, 0), (1, 0, 0, 0), (0, 0, 0, 0))),  #upsdwn L
        ((3, 3), ((1, 0, 0, 0), (1, 1, 1, 0), (0, 0, 1, 0), (0, 0, 0, 0))),  #grub screw
        ((2, 2), ((1, 1, 0, 0), (1, 1, 0, 0), (0, 0, 0, 0), (0, 0, 0, 0))),  #square
        ((3, 3), ((1, 1, 0, 0), (0, 1, 1, 0), (0, 0, 1, 0), (0, 0, 0, 0))),  #french fry
        ((3, 3), ((1, 1, 0, 0), (1, 1, 0, 0), (0, 1, 1, 0), (0, 0, 0, 0))),  #q
        ((3, 3), ((1, 1, 1, 0), (0, 1, 0, 0), (1, 1, 1, 0), (0, 0, 0, 0))),  #エ
        ((2, 3), ((1, 1, 0, 0), (0, 1, 0, 0), (1, 1, 0, 0), (0, 0, 0, 0))),  #bckwrd c
        ((3, 3), ((1, 1, 1, 0), (1, 0, 0, 0), (1, 0, 0, 0), (0, 0, 0, 0))),  #upsdwn L
        ((3, 2), ((1, 1, 0, 0), (0, 1, 1, 0), (0, 0, 0, 0), (0, 0, 0, 0))),  # -\_
        ((2, 3), ((1, 1, 0, 0), (1, 1, 0, 0), (1, 1, 0, 0), (0, 0, 0, 0))),  #ビル
        ((3, 3), ((1, 0, 0, 0), (1, 1, 1, 0), (1, 0, 0, 0), (0, 0, 0, 0))),  #|--
)