(
        ((3, 3), ((1, 1, 1, 0), (1, 0, 1, 0), (1, 1, 1, 0), (0, 0, 0, 0))),  # ring
        ((3, 2), ((1, 1, 1, 0), (0, 1, 0, 0), (0, 0, 0, 0), (0, 0, 0, 0))),  # short T
        ((2, 3), ((0, 1, 0, 0), (1, 1, 0, 0), (0, 1, 0, 0), (0, 0, 0, 0))),  # -|
        ((2, 3), ((1, 0, 0, 0), (1, 1, 0, 0), (1, 0, 0, 0), (0, 0, 0, 0))),  # |-
        ((2, 2), ((0, 1, 0, 0), (1, 1, 0, 0), (0, 0, 0, 0), (0, 0, 0, 0))),  # _|
        ((2, 2), ((1, 1, 0, 0), (0, 1, 0, 0), (0, 0, 0, 0), (0, 0, 0, 0))),  # ‾|
        ((3, 3), ((0, 1, 1, 0), (0, 1, 0, 0), (1, 1, 1, 0), (0, 0, 0, 0))),  # bckwrd ユ
        ((3, 3), ((0, 0, 1, 0), (0, 1, 1, 0), (1, 1, 1, 0), (0, 0, 0, 0))),  # 右階段
        ((3, 3), ((1, 0, 0, 0), (1, 1, 1, 0), (0, 0, 1, 0), (0, 0, 0, 0))),  # grub screw
        ((2, 3), ((1, 0, 0, 0), (1, 1, 0, 0), (0, 1, 0, 0), (0, 0, 0, 0))),  # 左蛞蝓
        ((3, 3), ((0, 1, 0, 0), (1, 1, 1, 0), (0, 1, 0, 0), (0, 0, 0, 0))),  # +
    )