(
        ((2, 2), ((1, 1, 0, 0), (0, 1, 0, 0), (0, 0, 0, 0), (0, 0, 0, 0))),  # ‾|
        ((3, 3), ((0, 0, 1, 0), (1, 1, 1, 0), (1, 0, 0, 0), (0, 0, 0, 0))),  # bckwrd grub screw
        ((3, 3), ((1, 1, 1, 0), (1, 0, 1, 0), (1, 1, 1, 0), (0, 0, 0, 0))),  # ring
        ((2, 1), ((1, 1, 0, 0), (0, 0, 0, 0), (0, 0, 0, 0), (0, 0, 0, 0))),  # -
        ((3, 2), ((1, 1, 0, 0), (0, 1, 1, 0), (0, 0, 0, 0), (0, 0, 0, 0))),  # zig2
        ((2, 3), ((1, 1, 0, 0), (1, 1, 0, 0), (1, 1, 0, 0), (0, 0, 0, 0))),  # ビル
        ((1, 2), ((1, 0, 0, 0), (1, 0, 0, 0), (0, 0, 0, 0), (0, 0, 0, 0))),  # l
        ((3, 3), ((1, 1, 1, 0), (0, 1, 0, 0), (1, 1, 1, 0), (0, 0, 0, 0))),  # エ
        ((3, 3), ((1, 1, 0, 0), (1, 1, 0, 0), (0, 1, 1, 0), (0, 0, 0, 0))),  # q
        ((2, 3), ((1, 1, 0, 0), (1, 0, 0, 0), (1, 0, 0, 0), (0, 0, 0, 0))),  # 1‾
        ((3, 3), ((0, 1, 0, 0), (1, 1, 1, 0), (0, 1, 0, 0), (0, 0, 0, 0))),  # +
        ((3, 2), ((0, 1, 1, 0), (1, 1, 1, 0), (0, 0, 0, 0), (0, 0, 0, 0))),  # van
    )